-0.1090584
0.2747561
0.1652235
0.3745085
0.2847333
0.0410642
0.412707
-0.2497761
-0.1988701
-0.3850688
0.2440415
-0.265406
0.4925803
0.03122616
0.1059129
-0.1143015
0.3064121
0.3248609
-0.384196
-0.1849064
-0.211965
-0.1360043
0.3203559
0.3453476
0.4649441
0.3180456
0.3837318
0.30967
-0.2339713
0.2994962
0.1299536
0.4370733
0.3703932
0.1790217
0.2855159
-0.3463873
-0.09661251
-0.3771088
0.3538194
0.02827424
-0.3158785
0.2683967
-0.2332235
0.4332185
0.2010375
0.2328907
-0.4755318
0.4313481
-0.1773162
0.05308753
-0.2089812
-0.1142408
-0.3954648
0.2162827
0.0008755326
-0.04513723
0.3364127
0.2827438
-0.3784574
-0.2276227
-0.03290087
-0.4794992
-0.114826
-0.4155294
0.09239382
-0.3586689
-0.04628342
-0.3572967
-0.2058511
-0.460937
-0.2680204
-0.4251776
0.253345
-0.1204525
-0.4338853
-0.3500119
-0.210607
0.186196
0.3326795
-0.001233757
-0.3161073
0.4652454
0.04043776
0.01489574
-0.7410257
0.4649662
-0.1124373
0.4268023
0.2005945
0.3038825
0.1968081
-0.4346762
-0.3992625
0.3533224
-0.04424375
0.4351155
0.3536738
0.1999998
0.4610527
0.6822029
-0.2434482
-0.4454321
0.3567673
0.2203255
0.4959342
-0.1463322
0.4120265
0.001005828
-0.1151412
0.05072647
-0.4213469
0.1233127
-0.06358749
-0.3302834
-0.1150441
-0.09990972
0.2548268
-0.003825247
-0.2251227
-0.1971454
0.004772127
-0.3858761
0.07512492
0.04687268
-0.112477
-0.2414719
0.1145656
0.3206435
0.3577478
0.2013534
0.2450726
0.1933584
0.2126032
-0.647306
-0.1665644
-0.3510907
0.04212016
0.01201159
-0.4820923
-0.3885806
-0.3722261
0.4672236
0.2085243
-0.2789381
-0.1142789
0.2878247
-0.4464217
0.2955391
-0.166186
-0.2797548
-0.49148
-0.04418021
0.02940339
-0.4606661
0.1239226
0.2546847
-0.219315
-0.3668373
0.3747332
-0.04070717
-0.6020854
0.2422483
-0.06857878
-0.1228972
-0.2063374
0.1339698
0.4417336
0.2613806
0.1217703
-0.3904282
-0.4263403
-0.2139255
0.4424707
0.156533
-0.1178423
0.2542366
0.06486267
0.64035
-0.3344017
-0.1203462
-0.4904021
-0.1864873
0.3829218
0.2703891
0.06552738
-0.3585135
-0.6191238
-0.6988378
0.3136173
-0.413453
-0.009753644
-0.4569409
0.09791487
0.1588485
-0.0226025
-0.09309568
0.3548561
0.3548411
0.3235059
0.4319825
0.6634125
-0.3844602
-0.1132212
-0.2384865
0.2665388
-0.2160631
0.4751405
0.06985682
-0.08587569
0.3733731
-0.4657474
-0.3763319
-0.2947606
-0.4031243
-0.4788671
-0.2499623
-0.4748064
-0.1985046
0.397661
-0.08873826
-0.2647302
0.1346636
-0.3440598
0.246505
0.01899463
-0.4168624
0.1979489
-0.4442478
0.2086583
-0.06137425
0.414255
0.2123717
-0.3339497
-0.001476586
-0.4689192
-0.03512228
-0.4708034
0.190267
-0.4191531
0.4989976
0.1338594
0.1495114
-0.3967613
0.09264022
0.432075
0.2281725
0.3344439
-0.452248
0.2621317
0.06908625
-0.03913516
-0.2074843
-0.4234173
0.05385572
0.1926368
-0.02919573
0.142921
0.3174973
-0.3625662
-0.1371049
0.4780614
-0.06189018
0.1507114
0.006397784
0.4466401
0.4519588
0.01997668
-0.8787731
0.1815376
-0.04637486
-0.1181253
-0.1511601
0.4048673
-0.3286932
-0.08505799
-0.01622671
0.3812536
0.09272343
-0.4120262
0.6663101
-0.548847
0.3300142
-0.6840743
0.3749604
0.3414334
-0.0210876
-0.0131976
0.09687513
0.3851023
0.1649309
-0.4627233
0.3944639
-0.3580104
0.3175157
-0.3269757
-0.4876143
-0.07452017
0.08032161
0.2697115
-0.4493644
-0.09013218
0.3366449
-0.3678135
-0.3313855
0.3403996
0.008825123
-0.285885
0.05500978
0.1547228
0.193549
-0.4763349
-0.3482572
0.2868485
0.232299
0.3375834
-0.3410436
-0.1200821
0.1356817
0.09586746
0.06223671
0.1593102
0.04140753
-0.3757592
0.4716787
-0.2707201
-0.2888837
0.3877746
0.1900141
0.4382257
-0.1261913
-0.2437651
0.5895686
0.2081745
-0.3269931
0.2685395
-0.4975226
0.2791846
-0.382431
0.1783535
-0.3325907
0.1504054
0.06810504
0.04495829
-0.3511429
-0.2865746
-0.3023549
-0.3847192
-0.1238576
0.006404102
0.03478301
0.2909411
-0.1415797
0.1261604
-0.93355
-0.01061338
-0.1066485
-0.1582549
0.1987048
-0.2575808
0.4806799
-0.4330148
0.3344522
0.2610846
0.2183915
-0.1236344
0.1513603
-0.04150623
-0.0770368
-0.02937287
-0.3285065
0.08586389
0.3335633
-0.008986652
0.4464557
0.4043549
0.1703796
0.2309337
0.4711609
-0.4310398
-0.159516
0.1439577
0.4473096
0.2539859
-0.208048
0.04412705
-0.3359191
-0.4903319
0.1786148
0.7235224
-0.41818
0.1271993
0.2925397
-0.05112511
-0.0280506
-0.4394724
0.3339378
0.004538238
0.2786471
-0.1088983
0.3162301
-0.1740271
0.4617795
0.3806229
-0.2755798
-0.4867523
-0.1820983
-0.3760189
0.4902849
0.2122354
-0.4280422
-0.1408454
0.1416385
0.08159024
0.2630022
0.4846385
-0.2198539
-0.07725555
-0.4378067
-0.08386165
-0.3173251
0.2524711
0.2896039
0.01543421
-0.2019246
-0.2048151
-0.1338528
0.1823757
0.4989361
0.1334511
0.2834814
-0.01385647
-0.3326192
0.3122294
-0.3641655
-0.2177275
0.4357895
-0.2936987
0.1150537
0.1691974
-0.3583229
-0.5509046
-0.1467723
0.461013
-0.4300909
-0.4029512
0.2871467
-0.3913678
0.4982841
-0.2497872
0.08194584
-0.08284813
0.05340391
-0.1360959
-0.6353653
-0.2000015
0.4749565
0.4923472
-0.3652523
0.465314
0.04001576
-0.2889742
0.6970458
0.2054303
-0.003600299
-0.3582257
0.2842265
0.2693703
0.4585494
0.4878887
-0.494701
-0.3364536
0.3836238
-0.2764553
0.151886
-0.2463759
0.1515548
-0.3131618
0.1287048
-0.03445917
0.3291661
-0.4329839
0.3150634
-0.02376395
-0.2357193
0.2785015
-0.02363282
0.4916813
-0.2920693
0.07814592
0.4130394
0.4908605
0.4519609
0.1480227
-0.4262059
-0.4502711
0.4055558
-0.263496
0.4423146
-0.1204202
0.03365451
-0.03295739
-0.1585234
-0.1510172
0.3915904
-0.3951538
0.03585833
0.1794847
-0.2077807
-0.02770133
