0.2040262
0.2512285
0.1519171
0.4058976
0.1698987
0.319163
0.3557003
0.4246168
0.1171174
0.06762347
0.3043345
0.2844305
0.1985292
0.1566415
0.3778482
0.1077584
0.415799
0.2744081
0.3119596
0.3601163
0.2376431
0.2587172
0.4558831
0.2892417
0.1444876
0.2125489
0.07520442
0.3473132
0.4548283
0.4036755
0.1619976
0.03365746
0.450972
0.2499761
0.4610698
0.0962145
0.2115263
0.2653329
0.01731447
0.05925712
0.3849731
0.3406366
0.2103499
0.2274177
0.3123563
0.5068636
0.4172728
0.2681374
0.08348028
0.4767666
0.5275502
0.2408396
0.1742772
0.2009357
0.1040698
0.104752
0.3664439
0.03409083
0.2923339
0.3009812
-0.001884617
0.3846517
0.08540786
0.02311825
0.1986963
0.4759665
0.2463738
0.1661526
0.4989444
0.5113716
0.4256904
0.05122028
0.2491537
0.3877919
0.4440201
0.1367938
0.4392947
0.07868406
0.3555618
0.4727781
0.3252282
0.4199818
0.1824558
-0.04740717
0.010994
0.3872299
0.3577501
0.208496
0.292547
0.3339224
0.238544
0.3927641
0.254204
0.3959244
0.382799
0.03773133
0.1397338
0.18574
0.5022089
0.4031145
0.4199494
0.3589917
0.4253929
0.4116084
0.04118724
0.05838044
0.04276812
