0.4722815
0.2589442
0.1958999
0.2812296
-0.1976639
-0.1400334
0.1612154
0.2330305
-0.2391567
0.4363731
-0.1493355
0.2773733
0.6996747
0.1690025
0.1464009
0.4719908
0.5951691
0.2310255
0.2271184
0.9474869
-0.2657882
0.4739175
-0.2381029
-0.1471159
0.3022615
0.1222718
-0.3286084
0.3961902
0.0626058
0.6839553
-0.2448255
-1.121806
0.09335941
-0.09094268
-0.4922549
-0.3978462
-0.2097265
-0.06698185
0.5219438
-0.3773304
-0.1229107
0.0449068
0.2859808
0.2866907
0.3701683
-0.1865032
0.2390923
-0.05961257
0.4879113
0.08485287
0.5597155
0.3954178
0.4984446
-0.4737918
-0.09432931
-0.2645119
0.1534088
-0.5755913
-0.2678546
-0.2421714
0.3329126
0.2113135
0.4555131
0.4753821
0.2681015
-0.5168617
0.4140466
0.1679764
0.1840529
0.3758121
-0.5699935
0.03951257
0.3084027
0.7329885
0.2244335
0.4600842
0.1161436
-0.2476874
-0.2690954
0.1520645
-0.1535187
0.1072361
-0.4634871
0.1095871
0.1397604
0.1955096
-0.2797341
-0.1014625
0.2629632
0.02154815
0.3311335
0.07476103
-0.246528
0.4371843
0.1448287
-0.08912064
0.9544666
0.5889931
-0.06975974
-0.05172133
-0.3022145
0.458083
0.03037411
0.1677012
-0.1569626
0.05254519
0.5502818
0.2504117
0.02061564
-0.286522
-0.2745594
-0.350191
-0.4824813
-0.1831822
-0.9085164
0.2712005
0.1683342
0.2553993
-0.2985721
-0.2177557
-0.1345534
0.1532388
0.448956
-0.09666313
-0.1933938
0.2117509
0.1861634
-0.03132135
0.4247218
1.103919
-0.0280022
-0.1450689
0.4145442
-0.1147052
0.7599617
-0.1199067
-0.1761814
0.2246556
0.08915418
0.3767096
0.5197227
0.05048984
-0.27658
0.2290008
-0.5675352
0.1608099
-0.1358329
0.4395894
-0.4950638
0.1290926
0.2927745
0.4660155
0.1391842
0.08319801
-0.4343467
0.01655239
0.4281557
-0.5741359
0.1024589
0.08735329
-0.2416474
0.04687506
0.3420742
0.2452857
0.2247251
-0.6703621
-0.180154
0.3654971
0.7215612
-0.2146177
0.7379078
-0.2647334
0.2178119
-0.5677395
-0.3495305
0.4692832
-0.1370854
-0.3647902
-0.2948331
0.4329139
-0.383359
0.3659219
0.4599898
-0.774547
-0.1311685
0.1560422
0.1207758
-0.04094912
0.2917189
-0.1571968
-0.4202778
-0.3212602
0.4415734
0.03541523
-0.100176
-0.4659787
0.3423764
-0.3423936
0.1893171
0.1939578
-0.07373124
0.1627453
0.06522435
0.116325
0.6182085
0.1161635
-0.4856378
-0.1290184
-0.1698659
0.6677725
0.5960827
0.3557488
-0.4411654
-0.4091128
-0.398702
0.3872027
-0.008944765
-0.4156869
-0.1628174
0.09325618
-0.1737669
-0.2108478
-0.3975412
-0.2012776
0.01748353
0.1413951
-0.2923367
-0.2409783
-0.304805
0.1857306
-0.306634
0.2586392
0.07112592
0.1567021
-0.1118135
0.0286532
-0.2458131
-0.1512914
0.4603407
-0.3107226
-0.3316572
0.4124135
0.5916464
0.1252495
0.05727053
0.5476207
0.4364078
0.3825312
0.1375465
-0.2820524
-0.06999439
0.3719294
0.272872
0.5023518
0.02637367
0.07443696
-0.1885426
0.2973914
0.08685273
-0.7386682
0.06072801
0.3038783
0.04026705
-0.408772
-0.4322814
-0.3353616
-0.2725195
0.3767568
0.03844379
0.3250557
0.7236642
0.2288635
0.2827728
0.4251988
-0.0714311
-0.3303934
-0.0896529
-0.4474885
-0.2569356
-0.7924879
0.3528152
-0.07340807
0.4711356
-0.1769725
-0.4722165
0.5916383
-0.3108392
-0.3465863
0.102878
-0.1542396
0.2064293
-0.3427137
0.3739063
-0.8184138
0.07669216
0.3340529
0.3537217
0.004259944
0.1386988
-0.3858852
0.03567129
-0.06660694
-0.04303497
0.3375072
0.2861806
-0.003481567
0.4304433
-0.1986013
0.2254992
-0.01229548
-0.3930352
-0.2095682
-0.16255
-0.4224535
0.372094
-0.0492211
-0.2514861
-0.01847792
-0.1601744
-0.2453497
-0.1456752
-0.04064524
0.327947
-0.5724933
0.1030421
0.5125433
-0.3367096
-0.08636159
-0.2531606
0.00410682
-0.3320031
0.2118922
-0.3369047
-0.1262532
0.3367432
0.04644531
0.1069286
-0.8041182
-0.1560833
-0.1685478
-0.150286
0.4214388
-0.1371467
0.098952
0.2472975
0.3608617
-0.3487757
-0.5499861
-0.02961439
-0.5490566
0.6838349
-0.4076992
0.09544474
-0.06457514
0.3255498
-0.148832
0.3784453
-0.3915445
0.4405872
0.4427493
-0.4011278
0.02701646
0.2774817
-0.05750149
-0.3679842
0.1523017
0.4447561
0.5933988
-0.2369454
-0.2729141
-0.4075859
-0.308279
-0.1007424
0.4873382
0.6296514
0.8378964
-0.01476961
0.142766
0.3158523
-0.4611369
-0.1670204
-0.6085238
-0.40501
0.05214339
-0.3519524
-0.5702246
-0.3078102
-0.1539103
-0.342697
-0.4005122
0.4507974
-0.5644298
-0.08267838
0.04546189
0.9915711
0.01492934
-0.3648497
-0.3596578
0.6574734
0.02978712
-0.4623053
0.1719851
0.6885256
0.1952492
-0.1108249
0.1862285
0.4088895
0.2257545
0.100761
0.1128132
-0.194467
-0.2255269
-0.7303447
0.4583743
0.4372268
0.4453335
0.4300336
0.007397175
0.3514721
0.3982474
0.1377742
-0.3829579
-0.1637868
-0.5162547
0.8370287
0.2516671
-0.4326155
-0.03387029
0.2759501
-0.5074643
-0.3529631
-0.7072103
-0.2470774
0.2305294
-0.3498825
-0.3592441
0.0440622
-0.2414504
-0.2867642
-0.3879328
0.04550999
-0.5869936
0.3540628
0.5520487
-0.3977904
0.3592036
0.1164787
-0.1862249
-0.3143187
0.08622092
-0.2247865
0.7125608
0.1327023
-0.3217758
-0.006619647
0.2231856
0.06055301
-0.4074941
0.1902445
-0.3646058
-0.02322137
-0.1829283
-0.782399
0.6089863
-0.8036059
-0.218308
-0.3912163
0.3765157
0.3001574
0.01212484
0.1187394
0.3066368
0.4923441
0.03798419
-0.164223
-0.2506838
-0.4493449
0.1001258
-0.09423079
0.04518777
0.5132934
0.1478028
0.00727278
0.2854407
0.05637228
-0.4253852
-0.4516682
-0.3556913
0.1060407
0.4185389
-0.2640083
1.402872
-0.4423045
-0.3498855
-0.1055451
-0.2904001
-0.2967466
-0.4339703
-0.1386998
0.1642781
0.1625049
0.003478348
0.2042188
0.8934878
-0.1595337
-0.03985792
0.3870776
-0.5856209
0.4629798
