0.1205235
0.2175177
0.4392024
0.2484435
0.02600445
0.2964767
0.2381967
0.2594646
0.3453702
0.142483
0.1425559
0.3068511
0.3241794
0.1366629
0.06557517
0.01287958
0.3606298
0.4206721
0.4464117
0.1783896
0.3415243
0.477556
0.1125135
0.4683206
0.08560593
0.4644153
0.4862404
0.1823632
0.0553504
0.04924558
0.489434
0.1869144
0.07574307
0.1604189
0.2125249
0.3682266
0.01220436
0.4440268
0.008296024
0.3276786
0.3359874
0.07099567
0.3589298
0.5031287
0.3312159
0.1580054
0.1236198
0.2138929
0.2521632
0.1479307
0.05059952
0.4431055
0.3048543
0.0957165
0.1118198
0.1085231
0.1077589
0.1472678
0.4250406
0.1410469
0.07385123
0.302814
0.07606733
0.2882966
0.4034259
0.1263073
0.2200665
0.3248248
0.4644913
0.4114656
0.2284958
0.1401352
0.1822039
0.4704194
0.5039735
0.2647468
0.5176634
0.467656
0.1657256
0.0851066
0.4571822
0.3747665
0.1777657
0.4339308
0.1064705
0.3911678
0.0722008
0.3960777
0.2772191
0.2664514
0.0397182
0.4174733
0.4529385
0.2517758
0.110404
0.1853559
0.153892
0.06236469
0.3639091
0.13877
0.1953425
0.423028
0.3156211
0.2049832
0.1538935
0.4173905
0.3932448
