0.0002551079
0.4935116
0.1223642
-0.5357356
-0.2044221
0.2114821
1.013708
0.9248005
0.01015216
0.83391
0.4277908
0.774286
-0.1514154
0.6813216
0.5632324
0.3882886
0.7230524
0.5123802
0.2136646
-1.595536
0.6046814
0.9658067
0.3193451
0.5939583
0.9182842
0.7640548
-0.4256366
0.003657266
-0.0205313
1.027439
1.470534
0.4503339
-0.5445982
0.2856823
-1.38544
0.5503175
0.8511139
-0.8511159
0.06817496
-0.1679032
0.1042145
0.9350535
0.04438825
0.1007835
0.620447
1.039284
1.483383
0.4181176
1.322895
-1.630013
0.6006629
0.6363642
-0.5955029
1.005419
2.049014
0.6779386
0.3610976
-0.1000604
0.8671612
0.5303782
-0.1295733
0.258594
-0.5499142
0.4032381
0.381732
-0.04898441
1.057538
0.2875021
2.301447
0.6913089
-0.1731389
