2.193218
0.2397915
0.9068205
0.2179309
-1.453471
0.4857408
1.138169
0.4132169
-0.3319414
-0.088835
0.8165292
0.0900799
0.7851948
0.2400685
-0.6305543
-1.047817
0.6506425
0.961007
-0.378336
0.7701464
-0.5793367
0.08239889
-0.7120584
0.7799199
0.1741568
0.5750542
0.3474025
0.3128647
-0.3277926
1.353311
-0.4866593
1.147376
-1.050139
1.384242
0.3563293
-0.6446947
0.01932371
-0.7747305
-0.4818369
0.3803878
0.3332277
-0.3517047
-0.9969261
0.5775945
0.8549825
0.4404128
-0.4428931
-0.1928436
1.01801
-0.5042329
-0.6811805
0.3342111
-0.3659648
0.8750767
-1.077156
0.1530709
-0.4967945
0.2143291
0.4879012
1.356665
1.243145
1.078535
1.093524
0.747226
0.5561457
-2.048132
1.387175
0.920468
-1.442192
-1.097922
0.6701024
-0.5117757
0.1214383
1.086705
1.403146
-0.7702519
1.782817
-0.4652641
0.8849825
0.02662569
1.220904
-1.194024
-0.3907394
0.1268761
0.1858751
0.3683202
-0.1536807
0.8294684
0.9120035
-1.163105
-2.080459
1.252715
-0.27496
1.057193
0.199806
-1.832821
1.478375
-1.099512
-0.1346993
0.5861151
0.321295
1.605841
-0.1786461
0.3889226
0.2486973
1.997696
-0.07357454
