0.6184582
-0.6568902
-0.03551888
2.402092
0.1935968
0.6331973
0.2884694
-1.146875
-0.9537017
-2.557417
1.326464
0.1495066
0.8580666
0.8577247
0.504761
-1.447372
-1.126409
0.05712712
-0.6292804
-0.1825914
-1.071151
1.566805
1.092871
0.2286569
1.167833
-0.2723325
0.6793751
0.4868006
-0.8130745
-1.228299
-0.2270199
-0.3073137
-0.6000451
-0.1170985
0.9242417
0.9451938
-1.441357
0.08398592
0.5213543
-1.240896
0.5171767
0.5452725
0.2256756
0.4570035
0.8467069
0.1293765
-0.8637832
0.3876472
1.46662
0.6376466
-0.1852611
0.4312031
0.5442616
-0.6034098
-0.1085696
-0.3155464
1.638298
1.420937
0.3611766
0.6293467
1.563097
0.3807142
0.2698492
-0.3707896
0.6818669
-0.6731452
0.8429852
-0.4778948
-0.2719702
2.629945
0.2383276
0.4335268
-1.349145
-0.3610951
-0.7864221
-0.6565826
1.140563
0.6016752
1.793895
1.144839
1.023825
0.636039
-0.6195799
-0.7570479
0.1642508
-0.8050331
0.407904
0.3044208
0.4697297
0.2398589
0.2988962
-0.02770573
0.2484795
-0.1286651
0.2500768
-0.7566981
-0.3695148
-0.2091012
0.1376968
0.4648531
0.03697413
0.0168246
-0.3828027
0.9209117
-0.9465277
0.8076551
-0.5858938
0.4521692
1.606713
0.03889214
0.02303238
-0.9131286
-1.251026
-0.768519
1.523765
0.6573712
0.6249763
0.6710878
-0.3873668
-0.07992131
0.07273543
0.4412801
-0.3744901
-0.2177353
-1.603523
0.217728
-0.7843709
2.085565
1.137089
0.09845674
-1.692547
-0.5987133
0.9321211
1.347198
-0.4967985
1.217984
-1.310482
0.908497
0.8121058
-0.03841037
-0.565203
0.362652
0.7248783
0.1150113
1.45302
1.272626
0.3336646
0.5362509
-0.0005451441
0.1729419
0.1695381
-0.7726458
-0.104807
0.2369933
0.02657413
1.818389
-0.1112567
1.433854
0.1162
0.1083951
1.604949
0.4374945
0.6476298
0.1983478
-0.6197281
-0.2607025
0.9795394
-0.3268353
-0.6893612
-0.6838357
-0.059677
0.2892883
1.170885
-0.0223524
0.6345327
0.7129902
-0.3167207
-0.3227001
-0.2078417
0.9641316
0.2045
-0.5041512
-0.3162434
0.633879
-0.06389862
0.7556072
1.734624
-1.519406
-0.2940481
0.1134256
3.40528
0.1191362
-0.4876032
0.3803481
-0.1070135
-0.5562329
1.837399
1.424786
0.9934243
0.6765217
0.02875191
-0.4469398
0.5971181
-0.5206611
-0.3071669
-1.493442
-0.6395769
-0.910829
-0.5737415
-0.3750821
0.5698528
-1.129399
-1.638466
-0.09735376
-0.1918348
-0.2468475
0.255153
0.4945045
0.6835973
0.09833017
1.308546
0.8254408
-0.2151237
-0.7742
-0.7464484
-0.580501
-0.1480373
0.1737082
0.7884454
-0.4884539
0.5110664
-0.1341868
-0.3021839
-0.2466266
0.7137743
0.7030739
1.065018
-0.4186556
0.7287318
-0.4028821
0.1139826
-0.773596
0.9066719
0.2433017
0.261652
-1.020744
0.01073965
-0.0494992
-1.309864
-0.1559154
1.424673
1.070433
2.113508
0.9334762
0.4138967
0.650692
1.317773
-1.994153
-1.229851
0.5798299
-0.09046537
0.3509263
-0.5900434
0.9721872
0.09447783
0.6098392
0.5173138
0.119138
1.85504
0.4535559
-1.011724
1.000144
-0.3913484
-0.06627071
-0.1414837
-0.8203327
-1.639801
1.298642
1.36989
0.3196373
0.2394289
0.2231116
0.3785107
0.4483334
1.067811
-0.3653967
0.5975815
0.6793419
0.3275321
0.5233634
0.7413501
0.8983649
-1.015774
-0.5949563
0.136394
0.6057535
0.7675866
-0.1403923
0.7998641
1.26036
-1.102072
0.3998535
0.02640212
1.526107
0.6507953
-0.2318796
-0.7978795
-0.9130172
0.7927906
0.4375641
-0.8287196
1.089259
-1.432653
0.2902448
1.323541
0.5663561
0.1269548
-0.05412251
0.4545453
0.1635381
-0.8638272
0.3242164
1.239374
0.706448
-0.8801347
2.197265
0.718621
0.6028982
0.11614
-0.8161497
-0.09024221
0.7759925
-0.9924715
1.773896
0.1463846
0.3478388
1.068157
2.142032
-0.06696606
0.6211441
1.100944
-1.071575
0.6270299
-0.2811149
-0.146161
-0.6880923
0.7572778
-1.167002
0.4132728
1.361751
-0.8080289
0.8597894
1.447258
0.6305351
0.5711026
1.075372
0.7792928
0.04276079
0.4369584
0.6225222
0.9061816
0.3076337
-0.02773452
0.7987623
-0.7861558
1.277269
-0.06877345
1.207762
1.123539
1.112598
-0.4304827
-0.1539989
1.735701
0.6140938
0.7677549
0.2252107
0.1489496
0.5683319
0.1621511
0.3201804
-0.1252846
-0.9806494
1.951581
-0.2418982
-0.3376877
-0.4911478
0.1690492
-0.3274262
-0.6652199
0.9809593
1.047451
0.149704
-0.8307008
0.5894441
-0.6878204
0.477483
1.248273
0.07136106
-0.8476518
-0.1640283
-0.54055
-0.6082462
0.5470226
2.462348
0.82831
0.052981
0.0193578
0.8897119
0.1421515
0.9420276
1.525362
0.08566093
1.386228
1.006268
-1.060767
-0.3153456
0.006460935
1.386999
0.03661168
0.9510425
-1.133373
0.1898549
0.3791851
1.018056
0.4150455
-0.4670811
0.7837424
-0.3453937
0.2787939
-0.832831
-1.500679
1.097129
0.5130539
-0.124379
0.1234676
0.7227588
0.8676174
-1.030042
0.06020212
2.340743
0.4669997
0.1815294
0.1980348
-0.02866544
1.635842
-0.5361382
-0.2879346
0.3250613
1.793034
1.100943
-0.39688
-0.7247497
2.008495
1.036817
1.014796
-0.3455923
-0.008668318
-0.3418299
0.6587396
-0.7264093
0.702245
0.1421255
-0.5115774
0.0482537
0.7775214
0.5489379
-0.1841847
0.1552679
1.19126
0.2640622
0.3744923
0.04031913
0.7300245
-1.099517
-0.04433715
