-0.06657761
-0.1408096
0.4793708
-0.06942469
0.1545292
-0.1224301
0.09889454
0.06210941
-0.5005887
0.4990842
0.4553461
-0.3241527
-0.01467997
0.2767301
0.2617264
0.02732063
-0.4478287
0.3907074
-0.4755166
-0.4035284
-0.01691931
0.2173649
0.1959228
0.4305115
-0.4953818
0.03881161
0.3875489
0.4707544
-0.4735091
-0.2666206
-0.07528132
-0.1886647
-0.1232218
0.3463899
0.3914423
0.03862673
0.1494365
-0.3505024
0.5000425
0.1037647
-0.3013734
-0.2142112
0.2422637
-0.3591757
-0.08180696
-0.01529247
-0.3742261
-0.1196824
0.3799331
-0.08846229
0.2989986
-0.2872803
0.166069
-0.4441648
-0.4781264
-0.0245154
0.3777368
0.1338358
-0.0177595
0.05714163
-0.4348147
0.4648353
-0.01045138
0.3798244
0.1047967
0.2664578
-0.4063385
0.3951496
-0.2947661
-0.3153819
-0.2326871
-0.05893761
-0.4078372
0.2450376
0.1309916
0.2421564
-0.141333
0.06995076
-0.3237597
0.05998844
0.4364891
0.3454317
-0.1907278
0.2510254
-0.263466
-0.438283
-0.3687036
0.2073716
0.02721351
-0.2922541
0.4868702
-0.3959537
0.2254283
0.4037799
0.2346375
0.1326448
-0.08867818
0.09960544
-0.2019591
-0.3653128
-0.4239535
-0.1818575
0.2359828
0.02886647
-0.5141882
-0.08667938
0.3881172
