-0.1727439
-0.2246385
0.2236308
-0.3361499
0.9855313
-0.2217173
0.2523659
0.1458567
-0.2060739
0.1794042
-0.4804381
-0.1650711
-0.391367
-0.1612492
-0.290329
-0.2219806
-0.0969649
-0.3288082
0.4338442
0.229751
-0.3845369
0.2266338
-0.6653104
-0.4284859
0.3104962
0.3106579
-0.4146781
-0.1688569
-0.4773065
-0.4231118
-0.1767806
0.4233968
0.04407351
0.8245261
0.4057372
0.2547368
0.3010257
-0.4668221
0.3542652
-0.2405264
0.3458642
0.1634159
0.03850132
0.4117713
0.4926379
-0.1245684
-0.3309741
0.3360928
0.24682
-0.3581069
-0.002493024
-0.3978275
-0.4556485
-0.5668281
-0.4229422
-0.07652181
0.1878419
0.5201245
-0.5744005
0.1993832
0.3791027
-0.1453951
0.6853243
-0.4793854
-0.246072
0.2794348
-0.03634804
-0.7461313
0.3824559
0.3617585
-0.1096123
0.4923611
-0.4279525
-0.08468014
-0.05114609
0.4306458
0.4589784
-0.4458762
-1.427673
0.07739943
-0.4793307
0.03982884
0.1392932
0.8445219
-0.3445497
-0.1201748
0.2923483
-0.3938953
-0.3232203
0.03973955
0.3056395
-0.4877623
0.06823975
0.3202759
0.007532179
-0.4457637
0.156919
0.1701681
0.2730779
0.1484767
-0.2914256
0.7904123
-0.08288032
0.07129264
0.6863598
0.4522494
-0.1422526
0.7589356
-0.1926958
-0.1272125
0.3929952
-0.1435779
0.08353287
-0.3117164
0.4831519
-0.1356363
-0.473916
0.346055
-0.3566572
0.2366277
-0.3554629
-0.3957977
-0.4053921
-0.410368
0.3422066
0.4822084
-0.565695
-0.04652739
-0.7355295
0.2763281
0.2984753
-0.2292163
-0.07922024
0.6824263
-0.5590354
0.1470728
0.691865
-0.6154777
-0.4367484
-0.2131296
0.3262137
-0.151277
0.266309
-0.4538074
-0.2460318
-0.3318266
-0.3939351
0.266373
-0.3828117
0.1216058
-0.1462012
-0.1290246
0.1705459
0.1755661
0.04638976
0.08727425
0.2187984
0.06972545
0.2506443
-0.06716371
0.8814642
0.4060527
-0.1112604
0.7682878
-0.1262408
0.4724212
0.1779899
0.4479953
0.4937583
0.1098786
-0.03894919
-0.6744764
-0.3433425
0.3721486
0.1563185
0.3567301
-0.3890809
0.00261718
0.260813
0.2798109
-0.1914287
0.293866
-0.03457946
0.02773589
-0.2284573
0.3867056
0.2297302
-0.207022
-0.1911777
0.04178542
-0.01781303
-0.281703
0.7071395
-0.2125481
0.3809874
0.4552081
-0.2835909
0.4669406
0.02013701
-0.2473078
-0.3562579
-0.4854956
0.4827535
-0.3001767
-0.3405312
-0.1117039
-0.2133921
0.1353062
-0.018457
0.3974142
0.2473003
-0.2939572
0.3984635
-0.2066517
-0.379418
0.01800972
0.3265477
0.05995542
-0.5197384
-0.3554155
-0.366678
0.4875724
0.2239785
0.554512
-0.2836739
0.2643684
0.1202747
-0.4861429
0.1581524
0.1913247
-0.303538
0.3146338
-0.1769744
-0.00812
0.04373407
-0.4462609
0.04115301
-0.2624162
0.4969134
-0.1867047
0.0429626
0.19466
0.3803043
0.1503234
-0.5423262
0.1394925
0.1954847
-0.08363074
0.1271729
-0.04077524
0.39094
-0.3431543
-0.2956278
0.3161943
0.04171044
0.4954174
-0.1448007
0.2992256
-0.2900701
0.05985409
-0.2380248
0.374251
-0.1779541
-0.4300143
-0.4557159
-0.8071686
-0.2220387
-0.1129831
0.2002511
0.255788
-0.1848646
-0.2252844
0.3303176
0.1226987
0.380077
0.02664822
-0.272365
0.4632791
0.3227874
0.01560986
-0.2531775
0.1760697
-0.534174
0.007644117
-0.05191869
0.6330001
0.2013211
0.6727301
-0.1048337
0.4288508
-0.5739594
-0.5415732
0.3957928
0.4037476
-0.2845936
0.3083019
-0.2983385
0.1592145
-0.004201472
-0.03580101
0.157211
-0.4240619
0.02192456
0.04167396
-0.186605
0.02189332
0.1195673
-0.6049215
-0.397457
-0.4340405
0.9862388
-0.2774141
-0.3260289
-0.3370773
0.2092233
0.0138976
-0.1232493
-0.1921322
-0.2539937
-0.3173795
-0.3367912
0.2602755
-0.2188095
0.397396
-0.4986234
0.3697579
-0.2583036
-0.3376142
-0.03194863
0.3844775
-0.2542286
-0.8677418
-0.3880646
0.3202655
-0.4798232
-0.8358117
0.1484594
-0.3384963
-0.4239943
-0.5279265
-0.1901615
-0.4003133
0.4300417
-0.03605813
0.1333923
0.06167799
0.07878286
0.4593221
-0.05399984
-0.2550646
0.4492251
0.4175749
0.3337213
0.3090612
0.2949975
-0.0358128
-0.3744017
0.3488343
-0.1954431
-0.1521896
0.2754631
-0.1557755
0.0221898
0.2667335
-0.822704
-0.04481775
0.02805656
-0.2191522
0.2065655
0.2641701
0.5789054
-0.3849179
-0.3205079
0.4169863
0.2850969
0.2917629
0.3553187
-0.2007352
0.1979341
0.134612
-0.1116281
0.1986947
-0.4938921
-0.06906015
-0.01284248
0.3266093
-0.03857929
0.2037198
0.2604523
0.3100263
-0.1541355
0.4216249
-0.05029231
-0.2918078
0.4898658
-0.481285
0.4098968
-0.03731447
0.442935
-0.219173
0.3762059
-0.3571744
0.1813875
0.5334537
-0.3589984
0.4954079
0.002175257
0.4818736
-0.2000671
0.3287754
0.4900166
0.2641878
-0.1191957
0.4030603
-0.4579936
-0.1743099
0.1345686
-0.2834125
-0.4650289
0.4168872
0.2084219
-0.2801231
0.1343689
-0.2999096
-0.4590329
-0.3974571
-0.7681745
-0.165299
-0.1031029
0.2218847
0.1794307
-0.9042435
0.1772424
-0.199315
0.1526273
0.1185231
0.3871281
-0.07826799
-0.5823221
-0.09804648
0.09855336
0.5490434
-0.4133744
0.3755851
0.07090408
-0.2137238
0.1993861
0.2866297
-0.08651954
-0.3768013
0.08938724
-0.202519
0.1413091
-0.008507788
-0.4489102
-0.2077795
-0.1684282
-0.3815078
0.2384646
0.02903861
-0.301618
0.4728702
-0.2150758
-0.4379539
0.394617
0.3680802
-0.6531529
0.03586954
-0.175486
-0.04418588
-0.3512962
0.03667194
0.2746946
-0.4429859
-0.2921346
