-0.01067275
0.3174002
-0.03029591
-0.3118799
-0.5549997
0.330551
0.287946
-0.8526223
0.2106052
-0.07793003
0.1803088
-0.1441545
0.1353301
0.2079766
0.493874
-0.2089539
0.01371723
-0.229448
0.460767
-0.4807108
-0.04636443
0.3559032
-0.01937777
-0.03093201
-0.4592385
0.4088544
-0.05270094
-1.289756
0.1365065
-0.6988799
0.3322279
0.02704442
0.4995018
0.2634273
-0.05472106
-0.4385196
0.2561893
0.3738261
-0.9421052
0.4511046
-0.5666731
-0.6742005
-0.1147144
-0.3304036
0.2366321
0.1397616
-0.3605698
0.02657503
0.1863559
-0.3806658
-0.08983713
0.2599389
-0.1157185
-0.03486091
-0.413574
0.9138494
-0.001256108
0.4392818
0.3255827
-0.311555
0.4711055
0.1043941
-0.184036
-0.0276835
-0.0952341
-0.5566956
0.3309042
-0.1008798
0.2189951
-0.450992
0.1577288
-0.082923
-0.05056447
-0.3658965
0.4876983
0.5505289
0.8186786
1.088018
0.0848856
0.5225111
0.2455971
-0.00801529
0.01131225
0.02887452
0.2349247
0.2598767
-0.09486109
0.3025945
0.9313059
0.4253829
-0.01562971
-0.1893888
0.300684
0.1266076
-0.3156449
0.06086504
-0.4832229
-0.04102367
0.4114276
-1.002686
0.3602355
-0.6125146
-0.3333575
0.04017203
0.3022972
-0.003306687
-0.1198174
-0.1409306
-0.3610643
-0.1229345
-0.09693176
0.02754402
-0.07767671
0.2456578
-0.5861906
0.4423499
0.5628639
0.5017325
-0.4455678
0.6704183
-0.0750047
-0.8299477
-0.4047381
0.5241812
-0.4632197
0.1429315
-0.5318572
-0.1747326
0.5694979
0.7245219
-0.144704
0.2424601
-0.4545945
-0.2507901
0.09520274
0.2623091
0.285001
-0.1047564
-0.4447276
0.6441038
0.3304981
-0.2425825
0.159767
-0.4256297
0.5103826
0.0222767
0.1926929
-0.8491989
0.4237224
-0.6370744
-0.6176014
-0.1502451
-0.1425359
0.271751
-0.3593341
-0.372051
0.6449335
0.4209868
-0.1969288
0.002824649
-0.4926215
0.4892267
0.2123552
-0.1004182
-0.1177593
-0.06330802
0.2654281
-0.02927548
0.0364407
0.2444045
-0.3412798
-0.1552319
0.0631215
0.6134522
-0.04527563
0.1523755
-0.5039375
-0.4802918
0.1982714
0.2151238
-0.07595779
-0.09036946
0.3537567
-0.3175392
0.2607222
-0.7469301
0.3553397
0.1080043
0.2122452
-0.05295463
0.1939564
0.4281482
-0.05448659
0.4591527
0.5664846
0.1718308
0.1553361
-0.4593625
-0.3794537
0.3682636
-0.4592875
-0.1470383
0.2369219
-0.0518049
0.3992423
0.6684903
0.1869138
0.01826739
-0.901837
0.2285647
-0.6616569
0.6536969
0.5356166
0.0165351
-0.1220566
-0.233589
-0.7996399
0.7083952
0.01571763
0.3915462
0.09245348
0.1730939
0.3601084
-0.5973998
0.8210182
0.6528264
-0.2344103
-0.4725138
-0.082192
-0.5704294
0.3405934
-0.4216862
-0.02282774
-0.1043311
0.3904018
0.1699439
0.5768365
-0.04116976
0.2540572
0.5206043
0.310971
-0.4279485
-0.09114063
-0.07272136
-0.2358442
-0.5834603
-0.0426622
0.2794279
0.3114181
-0.500937
-0.3624883
0.001680434
0.1823859
0.6320984
0.4266428
0.1292223
0.1182871
-0.5292103
0.07755655
0.04312728
-0.02293229
-0.05961692
0.3104264
-0.2891983
-0.2031218
-0.8346786
0.9368332
-0.3440421
0.2268927
0.3886923
-6.717443E-05
-0.3495612
-1.070137
0.0643751
0.5507245
0.3761103
-0.5771009
0.2918072
0.2267382
0.2975293
-0.5071352
0.01887147
0.6430177
-0.3043829
0.4151217
-0.009538949
-0.3574435
-0.1663476
0.03662723
-0.08063865
-0.4547926
0.1897802
-0.5379065
-0.1074032
-0.8807844
-0.09648526
-0.03385319
-0.1116514
-0.05247802
-0.08570659
-0.3710312
-0.306128
-0.3395474
0.7414367
0.1700991
-0.1476844
-0.5220885
0.4597524
0.4149563
0.2305009
0.3117758
-0.009597898
0.4634905
-0.4105409
0.1936148
0.4254947
-0.3292518
0.3164012
0.2755986
-0.004011929
0.9114168
0.03549838
-0.2360561
0.008023426
-0.7432531
0.6713415
-0.1449733
-0.1448057
0.4480644
-0.02280909
-0.0005559921
-0.2018899
-0.5852472
0.441873
0.02477902
0.04827784
0.246888
0.003027782
-0.1614733
-0.376349
0.2757619
0.4442376
-1.053748
0.6059164
-0.07710302
-0.03808767
-0.01076823
-0.1529865
-0.3138047
0.1928555
0.3770617
-0.5546948
-0.3107719
-0.2033886
-0.3357003
-0.4483648
-0.05433571
-0.3667377
-0.734907
-0.857723
-0.6153312
-0.5075903
0.3325046
-0.2975794
-0.08545913
0.3549682
0.6626538
-0.09205908
0.036964
-0.3241706
0.6759353
0.09031075
0.1271788
0.08112675
0.2490653
-0.8000016
0.2152687
0.2434334
-0.1481695
0.6510264
0.2737699
-0.2653573
-0.1785313
0.100976
0.1735642
-0.269521
0.2553055
0.7225699
-0.2092527
-0.4290497
-0.783618
0.571598
0.4075333
-0.3033267
0.546313
-0.3380774
-0.7443143
-0.520714
-0.3649993
0.4575763
-0.5341514
-0.6621625
0.2435446
0.4682878
-0.229786
-0.1485431
0.4838777
-0.2717662
-0.07756734
-0.334251
0.2565159
0.08413506
0.03923357
0.3086339
-0.1118097
0.7709468
0.5966424
0.4809067
0.1059131
-0.4201087
-0.1862707
0.1505822
0.4077246
0.1319349
-0.3736252
-0.6123682
-0.2953399
-0.0422594
0.2024615
-0.245472
0.04536752
0.1748885
0.1884271
-0.1830473
0.4452679
-0.3724758
-0.4851819
-0.1562566
0.7405423
0.3926376
-0.3539423
0.7137217
-0.6780656
-0.409569
-0.2947395
-0.9773114
-0.4124643
0.2040683
-0.07543623
0.1693656
0.3193802
-0.1477415
0.2791489
0.1175182
-0.04463857
0.4680046
0.1035308
-0.1437207
0.2014535
0.1812139
0.436416
-0.3950163
0.7197287
-0.1999864
0.08843504
0.3021763
-0.3896517
-0.6320751
-0.3287091
0.357542
-0.3273116
-0.4878688
0.3588848
0.4507274
-0.05489254
