-0.1239832
0.4263449
0.424976
0.3493081
0.2307845
0.08572203
-0.03562172
0.08463448
0.2182457
0.149246
0.421018
-0.07803835
-0.1432752
0.412194
-0.2335866
-0.1053074
-0.1242092
-0.3770642
-0.08782572
0.3992698
-0.5643647
-0.4819394
-0.1102732
-0.2118119
-0.4176186
0.4841207
0.1230044
-0.07240897
-0.2880067
0.08778572
-0.3787998
-0.3931307
0.4084854
-0.06253989
0.4757961
0.3545414
0.1713413
0.3492954
-0.4537724
0.07009542
-0.2002204
-0.3263261
0.2520596
0.03859615
-0.270478
0.3281945
-0.114574
-0.4553115
0.3602213
0.2403181
0.2934227
-0.2756264
-0.4126447
-0.3836493
-0.02674347
-0.08728534
-0.42867
-0.4933089
-0.123975
-0.2699178
-0.09441143
0.08195657
0.02949971
0.2808735
0.2802987
0.3635079
-0.444973
-0.3339517
0.4787652
-0.2678133
0.002930224
-0.1349288
-0.2288923
-0.03421015
0.1290461
0.3111687
0.03669244
0.04279977
-0.4949292
0.006067455
0.14544
-0.4762896
-0.6372948
-0.2114467
0.4908211
-0.4051938
0.09709078
-0.08209729
-0.1680936
-0.3582113
0.43088
0.2346862
0.06321172
-0.4382622
-0.4854062
0.09144495
0.4709803
0.4012249
-0.2714438
0.1527692
0.0184918
-0.05162603
-0.717593
-0.3485333
0.1282762
-0.5706283
-0.3827321
0.5556628
0.2901525
0.282813
-0.1318609
0.2914644
0.2495631
0.3935778
0.04050976
0.3330997
-0.1790337
0.3366904
-0.192373
-0.322796
0.1974826
-0.4169971
0.3189168
-0.3691802
-0.4754155
0.009455368
0.8277627
0.2120132
0.3563253
0.4545019
0.1488374
-0.2380291
-0.5413653
0.04532117
0.3094212
-0.04835111
-0.2889884
0.4246496
-0.4089556
0.09097391
0.2216409
0.1603034
0.3571119
-0.2137125
-0.4451275
0.1500157
-0.6101397
-0.2880607
0.4128789
0.1610731
-0.2922885
0.3907791
0.4517473
-0.4434426
0.2603249
0.07323092
-0.9079971
0.2995219
-0.463681
-0.4736716
0.7406555
0.1425716
0.2028153
-0.2770262
-0.3510575
-0.146435
-0.1754274
-0.3945112
0.2368083
0.6747764
0.1517618
0.2897673
-0.07398528
0.4670174
0.106973
0.3268709
-0.4108605
-0.5264348
-0.2109483
-0.3941805
-0.252462
0.1710503
0.3355584
0.2682301
-0.4860466
-0.7446672
-0.0618735
-0.2273237
0.3291663
0.4156798
-0.2758605
0.1971757
-0.3507828
0.06802613
-0.3701738
0.08111483
-0.247479
0.5896295
-0.2304706
0.0237897
-0.3728402
-0.3671857
-0.2639517
0.4759675
-0.0142507
-0.2024765
-0.1489263
-0.2923807
-0.3733764
0.1415348
0.2570266
-0.6163802
0.1283873
0.04069442
-0.1969956
0.7470883
-0.3581326
-0.1433936
-0.1951832
-0.2349969
0.4771843
0.2239425
0.4575199
-0.2535045
0.4503783
0.4666007
-0.4706656
0.122155
-0.4165303
-0.1155484
0.5103809
-0.3224717
0.3099676
0.2475366
-0.5372201
0.08538848
-0.2230142
-0.4628136
0.3065181
-0.1958563
0.4270082
-0.2314722
0.274226
0.2612531
-0.4225
0.4238362
-0.3943524
0.02637857
-0.1920483
-0.428956
0.3971874
-0.477706
0.05598693
0.3295738
-0.06279188
-0.4514298
0.08312875
-0.3722955
-0.7526555
0.06047529
-0.1842368
0.2077695
-0.03566152
-0.07039326
-0.1702986
-0.0881198
0.5421884
0.3128924
0.1563824
-0.4636891
0.05088381
0.09957391
-0.3471763
0.1105381
-0.1353045
-0.4733874
-0.6074883
-0.4219737
0.250738
0.3242072
-0.4817103
0.3908333
-0.06374198
0.05740708
0.3282027
-0.1583732
0.1629069
0.0638954
0.499238
-0.4974785
0.4265873
-0.2568247
-0.1773178
-0.2534941
0.4842008
0.07242799
-0.1586147
-0.3960096
0.4477761
-0.01362723
-0.1797453
-0.234155
0.2021742
-0.35817
-0.1050129
0.2069263
-0.3484597
-0.6051229
0.5505628
0.2457313
-0.2215717
0.2618008
-0.326247
-0.4228906
0.3918091
-0.1159076
-0.06123084
-0.4933332
-0.2588987
-0.3357881
-0.1291333
-0.2636344
-0.1590526
0.45871
0.3734463
0.3541842
-0.7337155
0.1115981
-0.4559578
-0.4173393
0.1915709
0.05620706
-0.09892435
-0.1493434
0.02669376
-0.319397
-0.2065604
-0.4520614
0.1044231
0.1539929
0.4866841
0.4757245
0.3627942
0.03081495
0.3542756
0.03003806
-0.4657209
-0.440377
0.4209492
0.03990513
0.1443637
-0.1601798
0.1176586
-0.05479409
0.562245
0.2835677
0.4637182
0.2928967
0.3360494
0.3670658
-0.05065233
-0.4024583
0.4362659
0.2905163
0.2454716
-0.4802786
-0.497655
0.401655
0.5427794
-0.2768731
-0.4401006
-0.1230977
0.1276991
-0.0760079
0.06294148
0.4587829
-0.446219
0.3234055
-0.1542778
0.1263486
-0.307531
0.4833261
0.341188
0.2044332
0.2588599
1.008911
-0.09218067
0.4016517
0.344052
0.3180386
-0.4427232
-0.3822664
-0.3265663
-0.1617831
0.06382918
0.64744
0.1266209
-0.01501906
-0.3853927
0.08047175
-0.3300692
0.2276984
0.1367695
0.1601416
0.983807
-0.1526414
-0.2012276
0.02162401
0.2439571
-0.1234049
-0.4902952
-0.4915164
0.47076
0.01324624
0.282454
0.474075
-0.01816387
0.05377918
0.06326276
0.4972612
-0.5470244
0.3362778
-0.299163
-0.8636465
0.08357327
-0.0542226
-0.383966
0.5914415
-0.339699
0.4047508
0.7238257
0.2935772
-0.1760354
-0.2854793
-0.09269357
0.1008716
0.4457743
-0.1871673
-0.3295147
0.07380313
0.042144
0.2471021
-0.07148522
0.335723
0.6187067
0.3480539
0.7699049
0.2237774
-0.1571126
-0.1345735
0.1514424
0.1741605
-0.2652974
0.00853318
0.3867997
0.1662787
0.1363818
0.5621017
-0.0293557
-0.5715415
0.0906934
0.07708745
-0.3340597
-0.3737593
-0.009677947
0.4614081
0.3507478
0.04608506
0.3864145
-0.02977723
0.1005163
-0.1948523
-0.2028105
0.4923763
0.4202607
-0.3312308
-0.4880359
-1.110807
0.07165962
-0.1759976
-0.2110985
0.3194026
-0.4335664
-0.4079996
-0.3979523
0.3545052
0.09445637
0.3534153
0.01085943
-0.03098625
-0.2210066
-0.2153372
0.7720791
-0.4867237
-0.2876217
0.3336198
-0.2897196
-0.2460129
0.203109
0.4171301
0.2442474
0.2617432
0.2558044
-0.3746154
0.2650101
0.8929356
-0.284893
-0.2369441
0.4107884
