0.03176679
0.491947
0.1829575
0.2156261
0.2489139
0.0390387
0.02389785
0.06309304
0.1594224
0.1096493
0.4033933
0.3980818
0.4272141
0.4677489
0.09043324
0.1012227
0.2002394
0.4863621
0.3383083
0.4566221
0.03768747
0.3573147
0.3194525
0.1764728
0.3161304
0.1431734
0.3884633
0.2826611
0.4172106
0.152713
0.05061343
0.169708
0.2734337
0.3769699
0.1505378
0.2724634
0.2297309
0.2958271
0.04955377
0.3228134
0.08865712
0.3914077
0.4863433
0.08936747
0.4600668
0.2254396
0.3322905
0.133991
0.1064567
0.4972225
0.1506968
0.3213509
0.03635474
0.06948261
0.04656813
0.1970479
0.07344357
0.2817829
0.158814
0.08287703
0.1032177
0.3768983
0.3522546
0.358298
0.01340325
0.1148975
0.04613249
0.4021378
0.4664309
0.4155811
0.4650024
0.4263964
0.2011797
0.296803
0.1847191
0.4974069
0.1971111
0.4054661
0.4656958
0.4326385
0.2699479
0.1099834
0.06627418
0.3406124
0.4176659
0.3282982
0.3176573
0.02631099
0.06425802
0.272841
0.04744817
0.3489922
0.3337763
0.4731972
0.08141231
0.3116515
0.1301819
0.01124705
0.1096846
0.4530048
0.4164619
0.2598647
0.1258216
0.2904487
0.2377674
0.4685506
0.1202619
