0.123399
0.4672928
-0.03917283
0.2258056
0.1745461
-0.3192792
0.2001797
0.4018153
0.2182354
0.4361725
-0.1510904
-0.1389777
-0.2429346
0.3216745
-0.4304818
0.4182295
-0.08825685
0.1244208
-0.3808929
-0.05183703
-0.2134294
0.06742355
-0.008752725
-0.3984509
0.4355516
0.2237358
-0.1409781
0.2344454
-0.0864051
-0.2670018
-0.1035963
0.1286248
-0.4192266
-0.2665351
0.296889
0.2267629
-0.4056618
-0.5060768
0.1376775
0.2764567
0.1832616
0.45534
0.2608405
-0.2285266
-0.1605733
-0.4782963
0.2906751
-0.1265942
-0.2140811
-0.1198924
0.01488061
0.06056712
0.2372132
-0.2608203
0.1252064
0.278244
0.2391133
0.05552538
-0.3506595
-0.3211657
-0.3632217
-0.2666406
-0.04265535
0.4169496
-0.189107
-0.2764147
0.02317244
0.3181265
0.3532674
-0.03462494
-0.4463834
0.2038579
0.492552
-0.4650277
-0.5097106
0.2016398
-0.2888101
-0.4389097
-0.4351817
-0.17124
0.2652092
-0.3874053
0.179296
-0.4347558
0.04100859
0.4747786
0.0290066
-0.3831103
-0.1889921
0.06291941
-0.01885935
0.03809238
-0.01180756
0.1702676
0.4412928
-0.464146
0.4545009
0.0955244
0.09538737
0.1729201
-0.03629187
-0.2047786
-0.4471672
-0.06929742
-0.1216835
-0.3340079
0.1897142
