-0.4237351
0.3081126
-0.3670668
-0.2919362
1.531094
-0.5659645
0.362577
-0.705503
-0.06496508
0.4906577
-1.292516
1.148251
-0.001009434
-0.1295787
-0.4197323
-1.106041
1.921319
-1.420177
-0.06638229
0.2002192
0.3256796
0.1457092
0.8057767
-0.4188748
-0.7500259
-0.09337342
-0.5072927
-0.4895458
-1.634074
-0.8919034
1.035599
-2.148723
0.08741872
0.9621696
-0.788359
1.212239
-0.2221002
-0.6157616
0.8232891
-0.2128172
-0.5656208
2.055322
0.2137702
0.4551068
0.2778383
0.07561386
-0.1008986
1.366097
-0.8581924
1.090469
0.8613129
-0.07066621
-0.4085231
-1.673666
-1.303703
0.4626051
2.332516
0.476366
0.05281681
0.8491045
-0.08574672
-0.364142
1.220908
0.3209085
0.06240469
1.190334
-0.4392952
-1.504573
1.297531
0.5752121
-1.011845
0.8138775
-1.130089
-0.7974356
-0.1713318
0.9023788
-0.8716862
-0.9990369
-1.892557
0.2529794
0.2364505
-0.4271079
-0.8948234
0.2383868
0.1808512
0.7380593
0.4727865
-0.6862198
0.8662911
-0.02592009
0.8037817
-0.6606011
0.1270434
-0.8942703
-0.3451259
-0.9686239
-0.6947693
-0.02000922
0.4362081
-2.778103
1.212053
0.2662634
-0.1503822
0.2049559
1.109215
1.065087
-1.247805
-0.3188294
0.2942544
0.3936842
0.1932344
-2.008384
2.011595
-0.3510839
0.9121639
0.8738521
-1.453338
0.03299294
-0.2896499
0.9803776
-0.2579693
0.01145554
-0.5508146
-1.291597
1.487249
1.097344
0.7016633
-0.8965076
0.1991412
0.2728783
1.423465
-0.7452267
0.0732547
1.301238
-0.6599698
-0.1703961
0.3737411
-0.1274948
-0.9501352
-1.190578
0.2773201
0.1871636
0.5938212
-2.141232
1.950609
0.6460112
-0.9960706
0.3901153
0.09568879
1.161385
-2.213352
-0.9560733
-0.5635098
-0.5613839
0.1424708
0.7327953
0.4125166
0.02330047
-0.1918657
0.5328133
-0.5753041
2.496017
-1.376576
0.3174866
0.5770268
0.8727152
2.188615
0.3023894
-0.4435007
-1.306318
-0.3700812
0.2584721
-0.3767186
1.15427
-0.7442088
-0.3058199
0.2436057
0.8514914
-1.260752
-0.2861681
-0.5722425
1.26201
-0.7357395
0.3865831
0.2327819
0.326703
-0.2056854
-0.2414624
-1.158078
0.6118884
0.6438336
1.221531
1.201594
-0.5221128
0.5258381
-1.269388
-1.194135
2.007732
0.6294125
0.176128
-0.2950833
-0.6938174
0.04904747
-0.2635129
-0.7433615
0.5265995
-1.626214
0.9136907
0.9698939
0.7967424
0.6191425
-0.7570772
1.759475
-0.08048123
-1.092519
-0.2184466
0.772576
1.299725
-0.9296188
0.6506892
-0.7258987
0.5008631
0.1786666
0.4537832
-0.1779066
0.6252827
-1.664801
0.02502429
-0.9076051
-0.2406629
0.1187173
2.122054
0.5533859
0.1392884
-1.19117
-0.9562021
1.163484
-1.447901
-1.117234
-0.3964372
-0.01489711
0.2064988
0.2614403
1.051889
-0.1605986
-1.486745
1.082751
-0.2235667
-0.7492692
0.0481576
-0.02338649
0.3486627
1.075915
1.167819
-0.7661253
0.133132
-0.1735942
-0.1150051
-2.027184
0.1075025
-0.7287305
-0.5429763
-1.222067
-0.7344575
0.8013484
-0.7985139
-0.342846
-0.5042
0.3242769
-1.274781
-0.8898764
-0.1634231
-0.2792172
-1.066554
0.4155252
-0.4740582
-0.9344181
-0.6386094
0.756972
0.6355606
0.1916353
1.078352
-0.32164
0.9101952
-0.428308
0.9412907
0.7095907
1.966906
0.08837171
1.674046
-0.5387054
-0.04202425
0.4962873
0.8683591
0.8784648
0.4977702
-1.70636
0.9141986
0.4758564
1.211397
0.1359629
-0.9497453
-0.6554881
-0.09135067
0.5724038
0.6613034
1.878392
0.4479715
-1.490456
0.324526
0.8804336
0.7802853
0.8513669
-0.4219415
-0.1545583
0.03423136
-0.08783658
1.692005
-1.046744
-1.030967
0.1727759
-1.066849
1.434414
0.06226683
-0.608151
-0.005773723
0.1141902
0.4906417
1.158025
2.532366
-0.2100303
-0.7640271
-0.5978721
0.9966648
0.7117034
-2.573526
-0.2319881
-0.1699514
0.8045748
-0.5889792
1.121289
-1.136921
0.2147865
1.434681
-0.747528
1.202228
0.7741498
-0.5235145
-0.9132018
0.1510378
-0.8532105
0.3578809
0.7209391
0.4232699
-0.4415284
0.4857352
0.3705691
0.9865005
-0.6199175
-0.4953576
0.8290228
-0.5577361
-0.1182252
0.5283361
-1.767187
-0.02305597
-0.6115113
0.8656299
-0.7502798
0.3165221
0.4183697
-0.04549628
-0.7043171
-0.2679977
-0.5294295
-0.4038036
-0.3616508
0.08134818
1.022762
-1.362899
0.6411482
0.7385297
-2.322423
0.2372018
-1.016723
-0.3926862
-0.2029444
-0.3890786
0.01132232
1.018771
0.3250744
1.054276
-0.5089751
-0.8946843
-0.5702097
-0.1007784
1.002527
0.5875646
1.053292
-0.4026281
-1.09288
-0.4375903
-0.5324764
0.0204528
-0.252907
2.086804
1.39884
-0.4476024
-1.276025
1.997512
-0.8298623
-0.1054319
-0.6960183
-0.7834616
0.6197634
-1.19653
-0.3369916
1.008017
-1.021667
2.514499
1.38027
1.064553
-0.531665
3.272308
0.371825
-0.6149052
-0.7543642
-0.3060881
-1.24981
-0.3917183
1.069956
-0.85132
1.403451
-0.5254346
0.3834133
1.156869
0.7584064
-0.4948444
0.08989859
1.268072
-0.9623337
-0.6795292
-1.161774
1.716022
-1.013265
-0.6373902
0.04153797
1.0548
-0.4306281
-1.710469
0.7317598
-1.034312
-1.266533
-0.01914646
1.744687
0.03984447
0.08853482
-0.9878023
0.9422411
0.5824187
-1.874623
1.149813
-0.4602363
-0.528966
2.22419
0.9199113
-1.332547
-0.1335766
0.4930863
0.4197645
-0.7565795
0.2166097
1.808059
-0.400551
0.4343008
