0.4445327
0.1124782
0.4661582
0.4622113
0.4610869
0.2700458
0.01439648
0.03737841
0.3171493
0.3860974
0.2657834
0.3068186
0.05941943
0.08477011
0.4930962
0.07141792
0.08123681
0.1407169
0.4124582
0.3954113
0.05708568
0.4902133
0.3062981
0.1946697
0.3881029
0.2516715
0.1219245
0.0822086
0.3181902
0.1691235
0.1314992
0.1358307
0.4373042
0.08845807
0.1529112
0.1520383
0.4176967
0.4585684
0.07745982
0.1027121
0.2256976
0.1277496
0.1298766
0.327476
0.3424277
0.1404679
0.3084157
0.3028676
0.04568499
0.01732926
0.4263589
0.06788532
0.1996973
0.2253043
0.3866081
0.0207847
0.140267
0.3408369
0.4400043
0.08139648
0.1998697
0.2376765
0.2275729
0.358571
0.179562
0.03916606
0.3239119
0.4248475
0.09377029
0.3870742
0.2453833
0.2532588
0.05288912
0.4411726
0.4405418
0.2955236
0.406481
0.3910257
0.4849153
0.2263233
0.3967102
0.2897139
0.01463107
0.4179126
0.4334217
0.1300894
0.1587788
0.2107729
0.0593877
0.3161743
0.2322164
0.2120505
0.06448996
0.4307472
0.17841
0.2307599
0.2833089
0.05603335
0.4693616
0.4725489
0.4656579
0.04122117
0.1866181
0.4916424
0.1111738
0.3572889
0.4812691
