-0.3417122
0.3006382
0.4807978
0.3052629
-0.2895328
0.3153526
-0.3110869
-0.4061641
-0.3084345
-0.1944333
-0.01127621
-0.2711399
-0.1461592
0.1331228
-0.3891651
0.3438895
-0.1612805
0.4803687
0.01691574
-0.3015845
0.1664344
0.4290455
-0.3681668
0.1038914
0.2489081
0.1123818
-0.2220007
-0.3245981
-0.3388877
-0.3229929
0.1694469
-0.3455634
0.2877594
0.49793
0.0163137
-0.4125138
0.3702993
0.2184278
-0.02830734
-0.1756162
-0.061892
-0.4666592
-0.07368571
-0.4814441
0.2811956
0.4778091
0.4872538
0.2076995
0.1214154
-0.0532273
-0.275479
0.07574542
-0.2151657
-0.2725486
0.3617312
-0.4701158
0.05108921
-0.1842216
-0.4720638
0.1481391
0.211076
0.1798222
-0.1297908
0.3201687
0.01022338
-0.4611434
-0.2328554
-0.201263
-0.3169029
-0.4817946
0.410223
-0.04875291
-0.3974243
0.01706949
-0.4880159
-0.2728305
-0.05807935
0.1326797
-0.1975786
0.4146536
-0.352788
-0.3118749
-0.02843505
-0.1862047
-0.02895272
0.1384554
-0.3336109
-0.3211409
0.4254475
-0.2752204
-0.3079304
-0.1311207
-0.4387718
-0.3114011
0.2152548
0.4472163
-0.3865246
0.1863783
-0.1611
-0.356319
0.07948236
0.1203448
0.03357452
-0.3968245
0.3358086
0.4335527
0.3950078
