-0.4689605
0.09382562
0.3739856
-0.05026521
0.03506397
-0.4471067
0.1435775
-0.160907
-0.3934233
-0.2590463
0.2932804
-0.3957791
0.4538689
-0.05720016
0.4876775
0.4129767
-0.3497274
-0.4527315
-0.3048867
-0.3337998
0.4325244
-0.3024352
-0.4738661
-0.3258873
-0.2832245
-0.129329
0.2505485
0.2690111
-0.2702309
0.4711637
0.4149112
-0.4738268
-0.09314881
-0.4488348
-0.07072575
0.3975638
0.3287109
-0.3331365
-0.1528351
-0.3762186
-0.09688009
-0.4379872
-0.2821704
-0.4127401
0.2736405
0.3021096
0.1459728
-0.2573443
0.5008425
-0.07984477
-0.4752985
-0.2638719
-0.3593008
-0.09314491
-0.2974048
0.1457971
0.0135657
0.3935693
0.2604906
0.2977143
0.4447612
0.2568288
-0.4193497
-0.1028001
0.3733357
-0.3994369
0.1016403
0.3968524
0.3542974
-0.4182248
0.1366259
0.07703763
0.1949241
-0.2143905
-0.3142529
-0.193828
-0.145086
0.4523011
-0.3448304
0.3291157
0.305458
-0.39373
0.05032885
0.09418422
0.3133881
0.3504933
0.2895814
-0.2870748
0.3334663
-0.2453468
-0.04241683
-0.3047302
-0.3733522
0.4624081
0.4065778
-0.02966377
0.4344233
-0.352728
-0.3551185
-0.3741121
-0.05364579
-0.3669503
0.2765939
0.222252
0.3716687
-0.1721785
-0.06302021
-0.02111418
0.06342526
-0.2074482
-0.2840779
-0.2739137
0.3137461
-0.4890279
-0.1791435
0.1427303
-0.460783
0.06438112
0.1187363
-0.3042961
-0.2069247
0.3627746
-0.3294556
0.107661
-0.3653893
0.323469
-0.136801
-0.1123776
0.2517562
-0.4126064
-0.07871866
0.009632297
0.04848255
0.1934771
0.1537201
-0.3243028
0.4692301
-0.2955534
0.500095
-0.4187298
-0.371257
0.373916
0.1547396
0.08327063
-0.4871419
-0.3286207
0.08630586
-0.05558774
0.4755155
-0.4936705
0.005919274
0.2878494
-0.09893818
0.08063009
0.3636266
-0.3857041
0.0705058
0.08210943
0.1773724
0.3787101
0.05911979
-0.2247773
-0.4860014
-0.15651
-0.4054593
-0.384915
-0.1583856
-0.02153827
-0.3732418
-0.3443279
0.1668767
-0.3294149
0.3043043
0.06053905
0.5124067
-0.07017273
0.0490604
-0.1935934
-0.1874067
-0.04686365
0.2427491
0.4400342
0.3374955
0.4235272
-0.3816905
0.3345236
0.3490557
-0.08997329
-0.4738975
-0.3090414
-0.3867367
-0.4184333
-0.4144898
0.4676733
-0.319078
0.3948351
0.08860513
0.3559221
-0.05263501
-0.2993406
0.2580277
0.09782957
-0.2962927
