-0.3059161
-0.2170289
-0.2599012
-0.3785255
-0.4774956
0.4397081
0.4522593
-0.2542191
-0.1258231
-0.04802632
-0.3827949
-0.06120592
-0.254721
-0.0149861
-0.03309566
0.01184527
0.1514357
0.2816143
0.2675321
0.07216758
-0.1722468
-0.08403212
-0.2081114
0.4108881
0.116365
-0.1184456
-0.2286275
-0.2946508
0.04685408
0.143825
-0.4456023
0.124922
-0.2999271
0.2754318
-0.01902782
0.4209508
-0.06659359
-0.3799288
0.4187607
-0.3291589
-0.2623434
-0.4381015
-0.2821099
-0.4208543
-0.04597062
0.1467312
0.03748614
-0.01204913
-0.006273806
-0.4438066
0.4753582
0.3445767
-0.2668809
0.1904637
-0.1634459
0.1368687
0.3672737
-0.4858287
-0.2406481
0.2999082
-0.285514
0.2751442
0.4834797
0.1196879
-0.06685644
-0.371359
-0.409891
0.1518119
-0.3344405
-0.2121618
0.2614947
-0.068973
0.4961692
-0.4798141
0.05313402
0.3169576
-0.4760267
-0.4630411
-0.4171559
0.4025489
-0.4062493
0.4824425
0.2674371
0.01800405
0.050658
-0.4449315
0.1226458
-0.204084
-0.1171434
0.1771767
-0.136812
0.1810763
-0.1117496
0.4190714
0.4217343
-0.4083857
-0.2715605
0.3477525
0.04432051
0.04478461
0.1090934
0.04940265
-0.104199
0.1907505
-0.1102964
0.1132753
-0.5042048
