-0.3354953
-0.2237341
-0.04576589
-0.1949435
0.3928372
-0.1090544
0.07720807
-0.2749601
0.3298634
0.2383739
0.395612
0.4551862
0.04872974
-0.4651867
0.3450913
0.2836697
-0.2105086
-0.4626363
0.0255545
-0.2759844
0.1575318
-0.2728159
-0.4510458
-0.2004209
0.01507636
-0.04826039
0.288711
0.2482471
-0.1914879
0.1165993
-0.02061185
0.3151613
-0.2736732
0.1172135
0.1576465
0.4979021
0.3531317
-0.3997715
0.07478396
-0.3598496
-0.1420692
-0.1460984
-0.4665304
-0.1163202
0.3289379
-0.08101251
-0.3641512
-0.213614
0.3493037
0.3651341
0.2363832
-0.1433124
-0.03652231
-0.4977485
0.2035712
0.158752
-0.03200199
0.1738838
0.29989
0.3242796
0.173696
0.009695351
0.1982957
0.2443499
0.1406365
0.3760997
0.03455366
0.318586
0.4027507
0.02970945
0.2369649
0.03100014
-0.2449695
-0.4797993
-0.007948935
0.06328081
-0.3051733
0.3770895
0.2323775
-0.1939529
-0.4741542
0.07913544
-0.2275363
0.2339326
0.0003878092
-0.1655304
-0.2181044
-0.007234438
-0.4002968
0.2226884
0.07965266
-0.1672217
-0.103335
0.4823737
-0.1917833
0.3380444
-0.3101729
-0.2938955
-0.4606924
0.1173676
-0.197288
0.2603573
0.361346
0.08254474
-0.3205779
-0.4869952
0.2921168
