0.227992
0.4526044
-0.04855926
-0.04521713
0.1884804
-0.5196792
0.2339253
0.2890759
-0.4661855
-0.4521755
-0.4594736
-0.3980961
-0.2919416
0.0566882
-0.4166229
0.245025
0.3127522
-0.2666538
0.1675852
0.4737796
0.03458279
0.03826302
0.07936102
0.3152136
0.1508998
0.2345377
-0.02284404
0.3956436
-0.01148656
0.3175932
0.1016328
-0.1060703
0.4658093
-0.4318999
0.1119304
0.09619685
-0.08935465
-0.2905468
-0.02986289
0.2849748
-0.1374128
0.2835361
0.06656601
0.07990845
0.4520287
0.2048313
0.137438
0.2399937
0.1288392
-0.478096
-0.4257696
0.494148
0.2975078
-0.2630271
-0.04111869
-0.4423352
0.09316297
0.2926919
-0.2397164
0.2742594
0.3574502
-0.08324788
-0.07126941
-0.02917584
-0.1615753
-0.3860117
0.3807603
0.3124553
0.4502424
0.2289502
0.127527
-0.1090902
-0.2807449
0.1120512
-0.2819294
0.2286006
-0.2079909
-0.214182
0.2519407
0.4642043
0.1116925
-0.3480557
-0.286451
-0.4359584
-0.09053768
-0.2154449
-0.1317883
-0.283792
0.169834
-0.3639678
0.1085029
0.319337
-0.3686638
-0.393057
-0.04450592
0.1947274
-0.3782893
0.2844708
0.3348764
0.2080174
0.1596889
-0.3038103
-0.4094608
-0.1872375
0.3574997
0.2339673
0.3035015
