0.3561711
0.1945811
0.4893764
0.2354097
0.2899488
0.30547
0.2201544
0.05984038
0.09387768
0.3963129
0.155552
0.04745752
0.1480818
0.0307234
0.1205675
0.03134599
0.4456775
0.4194592
0.2931687
0.21581
0.251602
0.4108099
0.4420475
0.1401887
0.3779592
0.1895412
0.08784313
0.3198819
0.2421799
0.1235042
0.07837617
0.1482445
0.01304964
0.03070404
0.1247964
0.2339514
0.4024024
0.306949
0.1775833
0.3230795
0.05847341
0.1759349
0.441216
0.3862879
0.3521976
0.4771991
0.1602446
0.03415027
0.1057334
0.453518
0.04613587
0.1346764
0.4143527
0.2525914
0.3323692
0.3786744
0.3716497
0.1078687
0.1137427
0.07704364
0.3208472
0.0139274
0.1563598
0.4569876
0.2602233
0.2181312
0.2854567
0.1577803
0.1303136
0.06560701
0.1664483
0.4204568
0.07368533
0.384771
0.3301383
0.3185874
0.2256042
0.4857326
0.2710517
0.0193265
0.4310277
0.4773967
0.2649821
0.06292894
0.3700699
0.1365993
0.05999063
0.05791768
0.3552787
0.4717706
0.2383018
0.508893
0.2673876
0.06720272
0.2783387
0.4535512
0.4268448
0.03305604
0.4005644
0.2451858
0.3340549
0.2218442
0.3593566
0.3971168
0.2920521
0.4458033
0.2583736
